Node	Nx  	Ny  	Nz  	dx  		dy  		dz  		tsteps  	Time				VM/Node(GB) 	RM/Node(GB) 

 8		1680	0256	0256	3.00e-08	3.00e-08	3.00e-08	000001		0:00:17.716108		05.701			05.344
 8		0840	0256	0256	3.00e-08	3.00e-08	3.00e-08	001001		0:18:05.050600		03.134			02.790
 8		0840	0256	0256	3.00e-08	3.00e-08	3.00e-08	001001		0:22:09.801442		01.329			00.985
 2		0840	0256	0256	3.00e-08	3.00e-08	3.00e-08	001001		1:00:04.491930		04.097			03.753
 3		0840	0256	0256	3.00e-08	3.00e-08	3.00e-08	001001		0:43:04.493504		02.867			02.523
 4		0840	0256	0256	3.00e-08	3.00e-08	3.00e-08	001001		0:33:56.289732		02.252			01.908
 5		0840	0256	0256	3.00e-08	3.00e-08	3.00e-08	001001		0:29:07.580640		01.883			01.538
 6		0840	0256	0256	3.00e-08	3.00e-08	3.00e-08	001001		0:25:58.250541		01.637			01.292
 7		0840	0256	0256	3.00e-08	3.00e-08	3.00e-08	001001		0:23:40.508556		01.461			01.117
