Node	Nx  	Ny  	Nz  	dx  		dy  		dz  		tsteps  	Time				VM/Node(GB) 	RM/Node(GB) 

 8		1200	0064	0128	1.00e-06	1.00e-06	1.41e-06	012001		0:22:49.105333		01.411			01.005
 8		1200	0064	0064	1.00e-06	1.00e-06	2.81e-06	012001		0:09:10.037123		00.960			00.576
 8		1600	0016	0016	5.00e-07	5.00e-07	5.00e-07	012001		0:01:06.613811		00.547			00.174
 8		1600	0016	0016	5.00e-07	5.00e-07	5.00e-07	012001		0:01:07.425819		00.548			00.176
 8		1600	0016	0016	5.00e-07	5.00e-07	5.00e-07	012001		0:01:05.802383		00.547			00.174
 8		0400	0004	0004	2.00e-06	2.00e-06	2.00e-06	010001		0:00:25.418719		00.570			00.175
 8		0400	0016	0004	2.00e-06	5.00e-07	2.00e-06	010001		0:00:26.848236		00.573			00.165
 8		0400	0004	0004	2.00e-06	2.00e-06	2.00e-06	010001		0:00:25.477949		00.569			00.164
