Node	Nx  	Ny  	Nz  	dx  		dy  		dz  		tsteps  	Time				VM/Node(GB) 	RM/Node(GB) 

 6		0840	0064	0064	3.00e-08	1.20e-07	1.20e-07	001001		0:01:28.067352		00.528			00.133
 6		0840	0064	0128	3.00e-08	1.20e-07	1.20e-07	001001		0:03:17.860047		00.601			00.206
 6		0840	0128	0128	3.00e-08	1.20e-07	1.20e-07	001001		0:06:38.597354		00.746			00.352
 6		1008	0128	0128	3.00e-08	1.20e-07	1.20e-07	001001		0:09:13.135727		00.804			00.409
 6		1344	0128	0128	3.00e-08	1.20e-07	1.20e-07	001001		0:12:19.025035		00.920			00.528
 6		1344	0256	0128	3.00e-08	1.20e-07	1.20e-07	001001		0:30:01.158836		01.333			00.939
 6		0840	0256	0128	3.00e-08	1.20e-07	1.20e-07	001001		0:16:36.373481		01.005			00.611
 6		1344	0512	0256	3.00e-08	6.00e-08	6.00e-08	001001		2:24:17.972196		04.151			03.570
