Node	Nx  	Ny  	Nz  	dx  		dy  		dz  		tsteps  	Time				VM/Node(GB) 	RM/Node(GB) 

 8		0512	0064	0064	3.00e-08	3.00e-08	3.00e-08	010001		0:08:38.403967		00.800			00.375
 8		0512	0128	0128	2.00e-08	4.00e-08	4.00e-08	010001		0:38:44.892379		01.295			00.852
 8		0512	0064	0064	2.00e-08	8.00e-08	8.00e-08	020001		0:13:37.421761		00.804			00.378
 8		0512	0064	0064	2.00e-08	8.00e-08	8.00e-08	100001		1:03:17.886295		00.603			00.178
 8		0512	0064	0064	2.00e-08	8.00e-08	8.00e-08	200001		2:09:52.501718		00.786			00.361
 8		0512	0064	0064	2.50e-08	1.00e-07	1.00e-07	050001		0:32:16.580542		00.767			00.341
 8		0512	0064	0064	2.50e-08	1.00e-07	1.00e-07	010001		0:06:46.262109		00.786			00.361
 8		0512	0064	0064	2.50e-08	1.00e-07	1.00e-07	020001		0:13:15.894300		00.795			00.369
