Node	Nx  	Ny  	Nz  	dx  		dy  		dz  		tsteps  	Time				VM/Node(GB) 	RM/Node(GB) 

 1		0128	0128	0128	1.00e-05	1.00e-05	1.00e-05	002001		0:00:24.225955		07.153			00.513
 1		0128	0128	0128	1.00e-05	1.00e-05	1.00e-05	002001		0:00:24.056885		07.167			00.528
 1		0128	0128	0128	1.00e-05	1.00e-05	1.00e-05	002001		0:00:24.178612		07.154			00.514
 1		0128	0128	0128	1.00e-05	1.00e-05	1.00e-05	002001		0:00:23.927004		07.154			00.513
 1		0128	0128	0128	1.00e-05	1.00e-05	1.00e-05	002001		0:00:25.439193		07.162			00.522
 1		0128	0128	0128	1.00e-05	1.00e-05	1.00e-05	002001		0:00:26.206904		07.165			00.524
 1		0128	0128	0128	1.00e-05	1.00e-05	1.00e-05	002001		0:00:27.319852		07.185			00.513
 1		0128	0128	0128	1.00e-05	1.00e-05	1.00e-05	002001		0:00:28.766039		07.183			00.512
