Node	Nx  	Ny  	Nz  	dx  		dy  		dz  		tsteps  	Time				VM/Node(GB) 	RM/Node(GB) 

 1		0128	0128	0128	1.00e-05	1.00e-05	1.00e-05	002001		0:08:11.616512		07.561			00.578
 1		0128	0128	0128	1.00e-05	1.00e-05	1.00e-05	002001		0:00:37.866761		07.503			00.516
 1		0128	0128	0128	1.00e-05	1.00e-05	1.00e-05	002001		0:00:36.750609		07.544			00.560
 1		0128	0128	0128	1.00e-05	1.00e-05	1.00e-05	002001		0:00:37.029734		07.539			00.556
 1		0128	0128	0128	1.00e-05	1.00e-05	1.00e-05	002001		0:00:33.858071		07.511			00.558
 1		0128	0128	0128	1.00e-05	1.00e-05	1.00e-05	002001		0:00:34.341340		07.463			00.510
 1		0128	0128	0128	1.00e-05	1.00e-05	1.00e-05	002001		0:00:33.756263		07.511			00.558
 1		0128	0128	0128	1.00e-05	1.00e-05	1.00e-05	002001		0:00:34.293983		07.526			00.574
 1		0128	0128	0128	1.00e-05	1.00e-05	1.00e-05	002001		0:00:33.679829		07.545			00.591
