Node	Nx  	Ny  	Nz  	dx  		dy  		dz  		tsteps  	Time				VM/Node(GB) 	RM/Node(GB) 

 1		0032	0256	0256	2.24e-09	2.24e-09	2.24e-09	010001		0:02:32.904984		07.450			00.409
 1		0032	0256	0256	2.24e-09	2.24e-09	2.24e-09	100001		0:25:18.885381		07.444			00.404
 1		0032	0256	0256	2.24e-09	2.24e-09	2.24e-09	100001		0:19:00.617442		07.314			00.336
 1		0032	0256	0256	2.24e-09	2.24e-09	2.24e-09	100001		0:25:20.356500		07.403			00.362
 1		0032	0256	0256	2.24e-09	2.24e-09	2.24e-09	100001		0:20:36.517411		07.408			00.398
 1		0032	0256	0256	2.24e-09	2.24e-09	2.24e-09	100001		0:19:10.764502		07.409			00.400
 1		0032	0256	0256	2.24e-09	2.24e-09	2.24e-09	100001		0:19:10.029626		07.408			00.398
 1		0032	0256	0256	2.24e-09	2.24e-09	2.24e-09	100001		0:19:04.838714		07.408			00.398
