Node	Nx  	Ny  	Nz  	dx  		dy  		dz  		tsteps  	Time				Method	VM/Node(GB) 	RM/Node(GB) 

 1		0004	0256	0256	2.24e-09	2.24e-09	2.24e-09	200001		0:10:18.204464		  FDTD		06.717			00.264
 1		0004	0256	0256	2.24e-09	2.24e-09	2.24e-09	200001		0:10:28.230931		  FDTD		06.719			00.264
 1		0004	0256	0256	2.24e-09	2.24e-09	2.24e-09	200001		0:10:36.608080		  FDTD		06.721			00.264
 1		0004	0256	0256	2.24e-09	2.24e-09	2.24e-09	200001		0:10:22.262465		  FDTD		06.717			00.264
 1		0004	0256	0256	2.24e-09	2.24e-09	2.24e-09	200001		0:10:19.571387		  FDTD		06.717			00.263
 1		0004	0256	0256	2.24e-09	2.24e-09	2.24e-09	200001		0:10:22.820350		  FDTD		06.721			00.264
 1		0004	0256	0256	2.24e-09	2.24e-09	2.24e-09	200001		0:10:25.883596		  FDTD		06.717			00.264
 1		0004	0256	0256	2.24e-09	2.24e-09	2.24e-09	200001		0:10:26.730148		  FDTD		06.721			00.264
 1		0004	0256	0256	2.24e-09	2.24e-09	2.24e-09	200001		0:10:33.837674		  FDTD		06.717			00.264
 1		0004	0256	0256	2.24e-09	2.24e-09	2.24e-09	200001		0:10:16.951293		  FDTD		06.717			00.264
 1		0004	0256	0256	2.24e-09	2.24e-09	2.24e-09	200001		0:10:27.237118		  FDTD		06.717			00.264
 1		0004	0256	0256	2.24e-09	2.24e-09	2.24e-09	200001		0:10:00.065091		  FDTD		06.717			00.264
 1		0004	0256	0256	2.24e-09	2.24e-09	2.24e-09	200001		0:10:28.468362		  FDTD		06.717			00.263
 1		0004	0256	0256	2.24e-09	2.24e-09	2.24e-09	200001		0:10:23.538984		  FDTD		06.717			00.264
 1		0004	0256	0256	2.24e-09	2.24e-09	2.24e-09	200001		0:10:24.371134		  FDTD		06.717			00.263
 1		0004	0256	0256	2.24e-09	2.24e-09	2.24e-09	200001		0:10:30.888373		  FDTD		06.717			00.263
 1		0004	0256	0256	2.24e-09	2.24e-09	2.24e-09	200001		0:10:17.042227		  FDTD		06.717			00.264
 1		0004	0256	0256	2.24e-09	2.24e-09	2.24e-09	200001		0:10:16.692179		  FDTD		06.717			00.264
 1		0004	0256	0256	2.24e-09	2.24e-09	2.24e-09	200001		0:10:25.277800		  FDTD		06.717			00.263
 1		0004	0256	0256	2.24e-09	2.24e-09	2.24e-09	200001		0:10:24.493662		  FDTD		06.721			00.264
 1		0004	0256	0256	2.24e-09	2.24e-09	2.24e-09	200001		0:10:23.087039		  FDTD		06.719			00.264
 1		0004	0256	0256	2.24e-09	2.24e-09	2.24e-09	200001		0:10:20.947792		  FDTD		06.717			00.264
 1		0004	0256	0256	2.24e-09	2.24e-09	2.24e-09	200001		0:10:28.001232		  FDTD		06.717			00.263
 1		0004	0256	0256	2.24e-09	2.24e-09	2.24e-09	200001		0:10:13.233480		  FDTD		06.721			00.263
 1		0004	0256	0256	2.24e-09	2.24e-09	2.24e-09	200001		0:10:10.830781		  FDTD		06.717			00.264
 1		0004	0256	0256	2.24e-09	2.24e-09	2.24e-09	200001		0:10:24.618915		  FDTD		06.719			00.264
 1		0004	0256	0256	2.24e-09	2.24e-09	2.24e-09	200001		0:10:36.348360		  FDTD		06.717			00.264
 1		0004	0256	0256	2.24e-09	2.24e-09	2.24e-09	200001		0:10:04.499204		  FDTD		06.717			00.264
 1		0004	0256	0256	2.24e-09	2.24e-09	2.24e-09	200001		0:10:27.036195		  FDTD		06.721			00.263
 1		0004	0256	0256	2.24e-09	2.24e-09	2.24e-09	200001		0:10:26.419601		  FDTD		06.719			00.264
 1		0004	0256	0256	2.24e-09	2.24e-09	2.24e-09	200001		0:10:22.257174		  FDTD		06.717			00.263
 1		0004	0256	0256	2.24e-09	2.24e-09	2.24e-09	200001		0:10:21.662789		  FDTD		06.717			00.264
 1		0004	0256	0256	2.24e-09	2.24e-09	2.24e-09	200001		0:10:24.498584		  FDTD		06.721			00.264
 1		0004	0256	0256	2.24e-09	2.24e-09	2.24e-09	200001		0:10:14.540664		  FDTD		06.717			00.263
 1		0004	0256	0256	2.24e-09	2.24e-09	2.24e-09	200001		0:10:23.866295		  FDTD		06.719			00.264
 1		0004	0256	0256	2.24e-09	2.24e-09	2.24e-09	200001		0:10:30.393354		  FDTD		06.717			00.264
 1		0004	0256	0256	2.24e-09	2.24e-09	2.24e-09	200001		0:10:21.966869		  FDTD		06.721			00.264
 1		0004	0256	0256	2.24e-09	2.24e-09	2.24e-09	200001		0:10:22.618913		  FDTD		06.717			00.264
 1		0004	0256	0256	2.24e-09	2.24e-09	2.24e-09	200001		0:10:27.913879		  FDTD		06.719			00.263
 1		0004	0256	0256	2.24e-09	2.24e-09	2.24e-09	200001		0:10:26.038799		  FDTD		06.717			00.264
 1		0004	0256	0256	2.24e-09	2.24e-09	2.24e-09	200001		0:10:29.663820		  FDTD		06.721			00.263
 1		0004	0256	0256	2.24e-09	2.24e-09	2.24e-09	200001		0:10:25.812250		  FDTD		06.717			00.264
 1		0004	0256	0256	2.24e-09	2.24e-09	2.24e-09	200001		0:10:14.692679		  FDTD		06.719			00.264
 1		0004	0256	0256	2.24e-09	2.24e-09	2.24e-09	200001		0:10:32.554686		  FDTD		06.717			00.264
 1		0004	0256	0256	2.24e-09	2.24e-09	2.24e-09	200001		0:10:25.255116		  FDTD		06.721			00.264
 1		0004	0256	0256	2.24e-09	2.24e-09	2.24e-09	200001		0:10:26.787167		  FDTD		06.717			00.264
 1		0004	0256	0256	2.24e-09	2.24e-09	2.24e-09	200001		0:10:41.218712		  FDTD		06.719			00.264
 1		0004	0256	0256	2.24e-09	2.24e-09	2.24e-09	200001		0:10:23.324632		  FDTD		06.721			00.264
 1		0004	0256	0256	2.24e-09	2.24e-09	2.24e-09	200001		0:10:30.786107		  FDTD		06.717			00.264
 1		0004	0256	0256	2.24e-09	2.24e-09	2.24e-09	200001		0:10:30.826542		  FDTD		06.717			00.264
 1		0004	0256	0256	2.24e-09	2.24e-09	2.24e-09	200001		0:10:32.757817		  FDTD		06.719			00.264
 1		0004	0256	0256	2.24e-09	2.24e-09	2.24e-09	200001		0:10:25.872561		  FDTD		06.721			00.264
 1		0004	0256	0256	2.24e-09	2.24e-09	2.24e-09	200001		0:10:24.845456		  FDTD		06.717			00.264
 1		0004	0256	0256	2.24e-09	2.24e-09	2.24e-09	200001		0:10:28.914459		  FDTD		06.717			00.264
 1		0004	0256	0256	2.24e-09	2.24e-09	2.24e-09	200001		0:10:14.584299		  FDTD		06.719			00.264
 1		0004	0256	0256	2.24e-09	2.24e-09	2.24e-09	200001		0:10:32.139724		  FDTD		06.721			00.264
 1		0004	0256	0256	2.24e-09	2.24e-09	2.24e-09	200001		0:10:30.806628		  FDTD		06.717			00.263
 1		0004	0256	0256	2.24e-09	2.24e-09	2.24e-09	200001		0:10:18.812549		  FDTD		06.717			00.263
 1		0004	0256	0256	2.24e-09	2.24e-09	2.24e-09	200001		0:10:23.443491		  FDTD		06.719			00.263
 1		0004	0256	0256	2.24e-09	2.24e-09	2.24e-09	200001		0:10:27.333299		  FDTD		06.721			00.264
 1		0004	0256	0256	2.24e-09	2.24e-09	2.24e-09	200001		0:10:36.210358		  FDTD		06.717			00.264
 1		0004	0256	0256	2.24e-09	2.24e-09	2.24e-09	200001		0:10:24.441097		  FDTD		06.717			00.263
 1		0004	0256	0256	2.24e-09	2.24e-09	2.24e-09	200001		0:10:21.649268		  FDTD		06.719			00.263
 1		0004	0256	0256	2.24e-09	2.24e-09	2.24e-09	200001		0:10:31.056485		  FDTD		06.721			00.264
 1		0004	0256	0256	2.24e-09	2.24e-09	2.24e-09	200001		0:10:11.635243		  FDTD		06.717			00.264
 1		0004	0256	0256	2.24e-09	2.24e-09	2.24e-09	200001		0:10:17.810532		  FDTD		06.719			00.264
 1		0004	0256	0256	2.24e-09	2.24e-09	2.24e-09	200001		0:10:23.171691		  FDTD		06.717			00.264
 1		0004	0256	0256	2.24e-09	2.24e-09	2.24e-09	200001		0:10:15.821351		  FDTD		06.719			00.264
 1		0004	0256	0256	2.24e-09	2.24e-09	2.24e-09	200001		0:10:27.676679		  FDTD		06.721			00.264
 1		0004	0256	0256	2.24e-09	2.24e-09	2.24e-09	200001		0:10:16.140474		  FDTD		06.717			00.264
 1		0004	0256	0256	2.24e-09	2.24e-09	2.24e-09	200001		0:10:33.392508		  FDTD		06.717			00.264
 1		0004	0256	0256	2.24e-09	2.24e-09	2.24e-09	200001		0:10:11.082105		  FDTD		06.717			00.264
 1		0004	0256	0256	2.24e-09	2.24e-09	2.24e-09	200001		0:10:15.224678		  FDTD		06.717			00.264
 1		0004	0256	0256	2.24e-09	2.24e-09	2.24e-09	200001		0:10:32.995109		  FDTD		06.719			00.264
 1		0004	0256	0256	2.24e-09	2.24e-09	2.24e-09	200001		0:10:35.380156		  FDTD		06.721			00.264
 1		0004	0256	0256	2.24e-09	2.24e-09	2.24e-09	200001		0:10:20.104654		  FDTD		06.717			00.264
 1		0004	0256	0256	2.24e-09	2.24e-09	2.24e-09	200001		0:10:21.525646		  FDTD		06.717			00.264
 1		0004	0256	0256	2.24e-09	2.24e-09	2.24e-09	200001		0:10:20.500422		  FDTD		06.719			00.264
 1		0004	0256	0256	2.24e-09	2.24e-09	2.24e-09	200001		0:10:21.252914		  FDTD		06.721			00.264
 1		0004	0256	0256	2.24e-09	2.24e-09	2.24e-09	200001		0:10:02.408852		  FDTD		06.717			00.263
 1		0004	0256	0256	2.24e-09	2.24e-09	2.24e-09	200001		0:10:14.514534		  FDTD		06.717			00.264
 1		0004	0256	0256	2.24e-09	2.24e-09	2.24e-09	200001		0:10:19.049810		  FDTD		06.719			00.264
 1		0004	0256	0256	2.24e-09	2.24e-09	2.24e-09	200001		0:10:30.131401		  FDTD		06.721			00.263
 1		0004	0256	0256	2.24e-09	2.24e-09	2.24e-09	200001		0:10:10.424403		  FDTD		06.717			00.264
 1		0004	0256	0256	2.24e-09	2.24e-09	2.24e-09	200001		0:10:27.203148		  FDTD		06.717			00.264
 1		0004	0256	0256	2.24e-09	2.24e-09	2.24e-09	200001		0:10:18.340851		  FDTD		06.719			00.264
 1		0004	0256	0256	2.24e-09	2.24e-09	2.24e-09	200001		0:10:29.354246		  FDTD		06.721			00.263
 1		0004	0256	0256	2.24e-09	2.24e-09	2.24e-09	200001		0:10:19.305969		  FDTD		06.717			00.263
 1		0004	0256	0256	2.24e-09	2.24e-09	2.24e-09	200001		0:10:21.035642		  FDTD		06.719			00.264
 1		0004	0256	0256	2.24e-09	2.24e-09	2.24e-09	200001		0:10:36.435390		  FDTD		06.717			00.264
 1		0004	0256	0256	2.24e-09	2.24e-09	2.24e-09	200001		0:10:19.832389		  FDTD		06.721			00.264
 1		0004	0256	0256	2.24e-09	2.24e-09	2.24e-09	200001		0:10:30.286276		  FDTD		06.717			00.264
 1		0004	0256	0256	2.24e-09	2.24e-09	2.24e-09	200001		0:10:24.822762		  FDTD		06.719			00.264
 1		0004	0256	0256	2.24e-09	2.24e-09	2.24e-09	200001		0:10:27.436642		  FDTD		06.717			00.264
 1		0004	0256	0256	2.24e-09	2.24e-09	2.24e-09	200001		0:10:30.558998		  FDTD		06.721			00.264
 1		0004	0256	0256	2.24e-09	2.24e-09	2.24e-09	200001		0:10:23.991332		  FDTD		06.717			00.263
 1		0004	0256	0256	2.24e-09	2.24e-09	2.24e-09	200001		0:10:05.306014		  FDTD		06.717			00.264
 1		0004	0256	0256	2.24e-09	2.24e-09	2.24e-09	200001		0:10:24.754374		  FDTD		06.719			00.264
 1		0004	0256	0256	2.24e-09	2.24e-09	2.24e-09	200001		0:10:22.900844		  FDTD		06.721			00.264
 1		0004	0256	0256	2.24e-09	2.24e-09	2.24e-09	200001		0:10:17.129879		  FDTD		06.717			00.264
 1		0004	0256	0256	2.24e-09	2.24e-09	2.24e-09	200001		0:10:26.098210		  FDTD		06.717			00.264
 1		0004	0256	0256	2.24e-09	2.24e-09	2.24e-09	200001		0:10:32.492559		  FDTD		06.719			00.264
 1		0004	0256	0256	2.24e-09	2.24e-09	2.24e-09	200001		0:10:25.403020		  FDTD		06.721			00.264
 1		0004	0256	0256	2.24e-09	2.24e-09	2.24e-09	200001		0:10:03.562440		  FDTD		06.717			00.263
 1		0004	0256	0256	2.24e-09	2.24e-09	2.24e-09	200001		0:10:23.383375		  FDTD		06.717			00.264
 1		0004	0256	0256	2.24e-09	2.24e-09	2.24e-09	200001		0:10:17.625759		  FDTD		06.719			00.264
 1		0004	0256	0256	2.24e-09	2.24e-09	2.24e-09	200001		0:10:22.981078		  FDTD		06.721			00.265
 1		0004	0256	0256	2.24e-09	2.24e-09	2.24e-09	200001		0:10:23.507705		  FDTD		06.717			00.264
 1		0004	0256	0256	2.24e-09	2.24e-09	2.24e-09	200001		0:10:21.028430		  FDTD		06.717			00.264
 1		0004	0256	0256	2.24e-09	2.24e-09	2.24e-09	200001		0:10:24.351910		  FDTD		06.719			00.264
 1		0004	0256	0256	2.24e-09	2.24e-09	2.24e-09	200001		0:10:28.422576		  FDTD		06.721			00.264
 1		0004	0256	0256	2.24e-09	2.24e-09	2.24e-09	200001		0:10:25.116661		  FDTD		06.717			00.264
 1		0004	0256	0256	2.24e-09	2.24e-09	2.24e-09	200001		0:10:39.553801		  FDTD		06.717			00.264
 1		0004	0256	0256	2.24e-09	2.24e-09	2.24e-09	200001		0:10:24.445000		  FDTD		06.719			00.264
 1		0004	0256	0256	2.24e-09	2.24e-09	2.24e-09	200001		0:10:40.970504		  FDTD		06.721			00.263
 1		0004	0256	0256	2.24e-09	2.24e-09	2.24e-09	200001		0:10:20.930617		  FDTD		06.717			00.263
 1		0004	0256	0256	2.24e-09	2.24e-09	2.24e-09	200001		0:10:24.959144		  FDTD		06.717			00.264
 1		0004	0256	0256	2.24e-09	2.24e-09	2.24e-09	200001		0:10:23.344668		  FDTD		06.719			00.264
 1		0004	0256	0256	2.24e-09	2.24e-09	2.24e-09	200001		0:10:25.673362		  FDTD		06.721			00.264
 1		0004	0256	0256	2.24e-09	2.24e-09	2.24e-09	200001		0:10:27.319659		  FDTD		06.717			00.264
 1		0004	0256	0256	2.24e-09	2.24e-09	2.24e-09	200001		0:10:14.242334		  FDTD		06.717			00.264
 1		0004	0256	0256	2.24e-09	2.24e-09	2.24e-09	200001		0:10:17.660769		  FDTD		06.719			00.264
 1		0004	0256	0256	2.24e-09	2.24e-09	2.24e-09	200001		0:10:28.845254		  FDTD		06.721			00.264
 1		0004	0256	0256	2.24e-09	2.24e-09	2.24e-09	200001		0:10:20.471598		  FDTD		06.717			00.263
 1		0004	0256	0256	2.24e-09	2.24e-09	2.24e-09	200001		0:10:17.375523		  FDTD		06.719			00.264
 1		0004	0256	0256	2.24e-09	2.24e-09	2.24e-09	200001		0:10:28.478934		  FDTD		06.717			00.264
 1		0004	0256	0256	2.24e-09	2.24e-09	2.24e-09	200001		0:10:26.086248		  FDTD		06.721			00.264
 1		0004	0256	0256	2.24e-09	2.24e-09	2.24e-09	200001		0:10:19.315132		  FDTD		06.717			00.263
 1		0004	0256	0256	2.24e-09	2.24e-09	2.24e-09	200001		0:10:24.226419		  FDTD		06.717			00.264
 1		0004	0256	0256	2.24e-09	2.24e-09	2.24e-09	200001		0:10:28.822731		  FDTD		06.719			00.264
 1		0004	0256	0256	2.24e-09	2.24e-09	2.24e-09	200001		0:10:34.895597		  FDTD		06.721			00.263
 1		0004	0256	0256	2.24e-09	2.24e-09	2.24e-09	200001		0:10:31.921092		  FDTD		06.717			00.263
 1		0004	0256	0256	2.24e-09	2.24e-09	2.24e-09	200001		0:10:26.161967		  FDTD		06.717			00.264
 1		0004	0256	0256	2.24e-09	2.24e-09	2.24e-09	200001		0:10:31.324844		  FDTD		06.719			00.264
 1		0004	0256	0256	2.24e-09	2.24e-09	2.24e-09	200001		0:10:13.730710		  FDTD		06.721			00.264
 1		0004	0256	0256	2.24e-09	2.24e-09	2.24e-09	200001		0:10:23.591991		  FDTD		06.717			00.264
 1		0004	0256	0256	2.24e-09	2.24e-09	2.24e-09	200001		0:10:20.604129		  FDTD		06.717			00.264
 1		0004	0256	0256	2.24e-09	2.24e-09	2.24e-09	200001		0:10:25.464459		  FDTD		06.719			00.264
 1		0004	0256	0256	2.24e-09	2.24e-09	2.24e-09	200001		0:10:38.251542		  FDTD		06.721			00.263
 1		0004	0256	0256	2.24e-09	2.24e-09	2.24e-09	200001		0:10:31.679497		  FDTD		06.717			00.264
 1		0004	0256	0256	2.24e-09	2.24e-09	2.24e-09	200001		0:10:14.843426		  FDTD		06.717			00.263
 1		0004	0256	0256	2.24e-09	2.24e-09	2.24e-09	200001		0:10:25.892542		  FDTD		06.719			00.264
 1		0004	0256	0256	2.24e-09	2.24e-09	2.24e-09	200001		0:10:26.542941		  FDTD		06.721			00.264
 1		0004	0256	0256	2.24e-09	2.24e-09	2.24e-09	200001		0:10:21.989192		  FDTD		06.717			00.264
 1		0004	0256	0256	2.24e-09	2.24e-09	2.24e-09	200001		0:10:32.856161		  FDTD		06.717			00.264
 1		0004	0256	0256	2.24e-09	2.24e-09	2.24e-09	200001		0:10:24.798294		  FDTD		06.719			00.264
 1		0004	0256	0256	2.24e-09	2.24e-09	2.24e-09	200001		0:10:32.431334		  FDTD		06.721			00.264
 1		0004	0256	0256	2.24e-09	2.24e-09	2.24e-09	200001		0:10:29.769163		  FDTD		06.717			00.264
 1		0004	0256	0256	2.24e-09	2.24e-09	2.24e-09	200001		0:10:23.872351		  FDTD		06.717			00.264
 1		0004	0256	0256	2.24e-09	2.24e-09	2.24e-09	200001		0:10:30.770561		  FDTD		06.719			00.263
 1		0004	0256	0256	2.24e-09	2.24e-09	2.24e-09	200001		0:10:25.942557		  FDTD		06.721			00.263
 1		0004	0256	0256	2.24e-09	2.24e-09	2.24e-09	200001		0:10:21.853729		  FDTD		06.717			00.264
 1		0004	0256	0256	2.24e-09	2.24e-09	2.24e-09	200001		0:10:20.816821		  FDTD		06.717			00.263
 1		0004	0256	0256	2.24e-09	2.24e-09	2.24e-09	200001		0:10:20.054689		  FDTD		06.721			00.264
 1		0004	0256	0256	2.24e-09	2.24e-09	2.24e-09	200001		0:10:14.939394		  FDTD		06.717			00.263
 1		0004	0256	0256	2.24e-09	2.24e-09	2.24e-09	200001		0:10:28.256956		  FDTD		06.721			00.264
 1		0004	0256	0256	2.24e-09	2.24e-09	2.24e-09	200001		0:10:18.044837		  FDTD		06.717			00.264
 1		0004	0256	0256	2.24e-09	2.24e-09	2.24e-09	200001		0:10:28.300269		  FDTD		06.717			00.264
 1		0004	0256	0256	2.24e-09	2.24e-09	2.24e-09	200001		0:10:23.072341		  FDTD		06.717			00.264
 1		0004	0256	0256	2.24e-09	2.24e-09	2.24e-09	200001		0:10:19.796279		  FDTD		06.717			00.264
 1		0004	0256	0256	2.24e-09	2.24e-09	2.24e-09	200001		0:10:24.485277		  FDTD		06.717			00.264
 1		0004	0256	0256	2.24e-09	2.24e-09	2.24e-09	200001		0:10:22.195573		  FDTD		06.717			00.264
 1		0004	0256	0256	2.24e-09	2.24e-09	2.24e-09	200001		0:10:20.293383		  FDTD		06.717			00.263
 1		0004	0256	0256	2.24e-09	2.24e-09	2.24e-09	200001		0:10:14.832468		  FDTD		06.717			00.263
 1		0004	0256	0256	2.24e-09	2.24e-09	2.24e-09	200001		0:10:15.534024		  FDTD		06.717			00.263
 1		0004	0256	0256	2.24e-09	2.24e-09	2.24e-09	200001		0:10:16.402771		  FDTD		06.717			00.263
 1		0004	0256	0256	2.24e-09	2.24e-09	2.24e-09	200001		0:10:22.602872		  FDTD		06.717			00.264
