Node	Nx  	Ny  	Nz  	dx  		dy  		dz  		tsteps  	Time				VM/Node(GB) 	RM/Node(GB) 

 1		0032	0256	0064	2.24e-09	2.24e-09	2.24e-09	250001		0:17:57.975991		06.784			00.263
 1		0032	0256	0064	2.24e-09	2.24e-09	2.24e-09	250001		0:17:53.960512		06.784			00.264
 1		0032	0256	0064	2.24e-09	2.24e-09	2.24e-09	250001		0:17:40.724815		06.784			00.264
 1		0032	0256	0064	2.24e-09	2.24e-09	2.24e-09	250001		0:17:51.557773		06.784			00.264
 1		0032	0256	0064	2.24e-09	2.24e-09	2.24e-09	250001		0:17:58.311402		06.784			00.264
 1		0032	0256	0064	2.24e-09	2.24e-09	2.24e-09	250001		0:17:59.346894		06.784			00.264
 1		0032	0256	0064	2.24e-09	2.24e-09	2.24e-09	250001		0:17:50.681411		06.784			00.264
 1		0032	0256	0064	2.24e-09	2.24e-09	2.24e-09	250001		0:18:03.570024		06.784			00.264
