Node	Nx  	Ny  	Nz  	dx  		dy  		dz  		tsteps  	Time				VM/Node(GB) 	RM/Node(GB) 

 8		0128	0128	0128	1.00e-06	1.00e-06	1.00e-06	003001		0:08:31.505945		00.932			00.507
 8		0128	0128	0128	1.00e-06	1.00e-06	1.00e-06	003001		0:08:41.722477		00.901			00.527
 8		0128	0128	0128	1.00e-06	1.00e-06	1.00e-06	003001		0:08:48.956221		00.893			00.519
 8		0128	0128	0128	1.00e-06	1.00e-06	1.00e-06	010001		0:26:31.286652		00.934			00.559
 8		0128	0128	0128	1.00e-06	1.00e-06	1.00e-06	015001		0:38:59.746080		00.944			00.570
 8		0256	0256	0256	5.00e-07	5.00e-07	5.00e-07	020001		5:14:47.021955		03.773			03.135
 8		0128	0128	0128	1.00e-06	1.00e-06	1.00e-06	020001		1:06:23.042773		00.945			00.571
 8		0128	0128	0128	1.00e-06	1.00e-06	1.00e-06	020001		1:05:35.696603		00.925			00.551
