Node	Nx  	Ny  	Nz  	dx  		dy  		dz  		tsteps  	Time				VM/Node(GB) 	RM/Node(GB) 

 1		0008	0256	0256	5.00e-09	5.00e-09	5.00e-09	001001		0:00:04.941566		07.023			00.480
 1		0008	0256	0256	5.00e-09	5.00e-09	5.00e-09	020001		0:01:15.400763		07.012			00.469
 1		0008	0256	0256	2.24e-09	2.24e-09	2.24e-09	020001		0:01:14.700785		07.012			00.469
 1		0008	0256	0256	2.24e-09	2.24e-09	2.24e-09	020001		0:01:15.518392		07.012			00.470
 1		0008	0256	0256	2.24e-09	2.24e-09	2.24e-09	020001		0:01:14.757935		07.013			00.470
 1		0008	0256	0256	2.24e-09	2.24e-09	2.24e-09	020001		0:01:14.670603		07.012			00.469
 1		0008	0256	0256	2.24e-09	2.24e-09	2.24e-09	020001		0:01:14.460797		07.012			00.469
 1		0008	0256	0256	2.24e-09	2.24e-09	2.24e-09	020001		0:01:16.005922		07.013			00.470
