Node	Nx  	Ny  	Nz  	dx  		dy  		dz  		tsteps  	Time				Method	VM/Node(GB) 	RM/Node(GB) 

 1		0256	0128	0128	8.97e-09	4.48e-09	4.48e-09	150001		0:54:18.396006		  FDTD		07.877			00.264
 1		0256	0128	0128	8.97e-09	4.48e-09	4.48e-09	150001		0:54:19.440572		  FDTD		07.875			00.264
 1		0256	0128	0128	8.97e-09	4.48e-09	4.48e-09	150001		0:54:19.935998		  FDTD		07.874			00.264
 1		0256	0128	0128	8.97e-09	4.48e-09	4.48e-09	150001		0:54:20.726862		  FDTD		07.874			00.264
 1		0256	0128	0128	8.97e-09	4.48e-09	4.48e-09	150001		0:54:18.665588		  FDTD		07.877			00.264
 1		0256	0128	0128	8.97e-09	4.48e-09	4.48e-09	150001		0:54:19.413760		  FDTD		07.874			00.264
 1		0256	0128	0128	8.97e-09	4.48e-09	4.48e-09	150001		0:54:22.728507		  FDTD		07.874			00.263
 1		0256	0128	0128	8.97e-09	4.48e-09	4.48e-09	150001		0:54:26.294353		  FDTD		07.875			00.264
 1		0256	0128	0128	8.97e-09	4.48e-09	4.48e-09	150001		0:54:18.173191		  FDTD		07.877			00.263
 1		0256	0128	0128	8.97e-09	4.48e-09	4.48e-09	150001		0:54:20.319625		  FDTD		07.874			00.264
 1		0256	0128	0128	8.97e-09	4.48e-09	4.48e-09	150001		0:54:23.351269		  FDTD		07.874			00.264
 1		0256	0128	0128	8.97e-09	4.48e-09	4.48e-09	150001		0:54:23.969410		  FDTD		07.875			00.263
 1		0256	0128	0128	8.97e-09	4.48e-09	4.48e-09	150001		0:54:18.455331		  FDTD		07.877			00.263
 1		0256	0128	0128	8.97e-09	4.48e-09	4.48e-09	150001		0:54:21.412445		  FDTD		07.874			00.264
 1		0256	0128	0128	8.97e-09	4.48e-09	4.48e-09	150001		0:54:22.511038		  FDTD		07.874			00.263
 1		0256	0128	0128	8.97e-09	4.48e-09	4.48e-09	150001		0:54:25.212518		  FDTD		07.875			00.264
 1		0256	0128	0128	8.97e-09	4.48e-09	4.48e-09	150001		0:54:19.255060		  FDTD		07.877			00.264
 1		0256	0128	0128	8.97e-09	4.48e-09	4.48e-09	150001		0:54:19.038091		  FDTD		07.875			00.264
 1		0256	0128	0128	8.97e-09	4.48e-09	4.48e-09	150001		0:54:23.341072		  FDTD		07.874			00.263
 1		0256	0128	0128	8.97e-09	4.48e-09	4.48e-09	150001		0:54:23.418165		  FDTD		07.874			00.264
 1		0256	0128	0128	8.97e-09	4.48e-09	4.48e-09	150001		0:54:17.952047		  FDTD		07.877			00.264
 1		0256	0128	0128	8.97e-09	4.48e-09	4.48e-09	150001		0:54:19.303898		  FDTD		07.874			00.264
 1		0256	0128	0128	8.97e-09	4.48e-09	4.48e-09	150001		0:54:22.642873		  FDTD		07.874			00.264
 1		0256	0128	0128	8.97e-09	4.48e-09	4.48e-09	150001		0:54:23.702817		  FDTD		07.875			00.264
 1		0256	0128	0128	8.97e-09	4.48e-09	4.48e-09	150001		0:54:19.594315		  FDTD		07.877			00.264
 1		0256	0128	0128	8.97e-09	4.48e-09	4.48e-09	150001		0:54:21.581858		  FDTD		07.874			00.263
 1		0256	0128	0128	8.97e-09	4.48e-09	4.48e-09	150001		0:54:21.257044		  FDTD		07.874			00.264
 1		0256	0128	0128	8.97e-09	4.48e-09	4.48e-09	150001		0:54:25.365772		  FDTD		07.875			00.264
 1		0256	0128	0128	8.97e-09	4.48e-09	4.48e-09	150001		0:54:19.289721		  FDTD		07.877			00.264
 1		0256	0128	0128	8.97e-09	4.48e-09	4.48e-09	150001		0:54:21.280158		  FDTD		07.874			00.264
 1		0256	0128	0128	8.97e-09	4.48e-09	4.48e-09	150001		0:54:21.275210		  FDTD		07.875			00.264
 1		0256	0128	0128	8.97e-09	4.48e-09	4.48e-09	150001		0:54:25.550939		  FDTD		07.874			00.264
 1		0256	0128	0128	8.97e-09	4.48e-09	4.48e-09	004001		0:02:39.083912		  FDTD		07.981			00.405
 1		0128	0256	0256	2.34e-09	3.04e-09	3.52e-09	004001		0:04:19.882634		  FDTD		09.358			00.500
 1		0128	0256	0256	2.34e-09	3.04e-09	3.52e-09	004001		0:04:21.921698		  FDTD		09.359			00.500
 1		0128	0256	0256	2.34e-09	3.04e-09	3.52e-09	004001		0:04:31.215336		  FDTD		09.361			00.503
 1		0128	0256	0256	2.34e-09	3.04e-09	3.52e-09	004001		0:05:52.863368		  FDTD		09.374			00.516
 1		0128	0256	0256	2.34e-09	3.04e-09	3.52e-09	004001		0:05:42.726804		  FDTD		09.371			00.513
 1		0128	0256	0256	2.34e-09	3.04e-09	3.52e-09	004001		0:04:32.874141		  FDTD		09.359			00.501
 1		0128	0256	0256	2.34e-09	3.04e-09	3.52e-09	004001		0:04:27.200943		  FDTD		09.359			00.501
 1		0128	0256	0256	2.34e-09	3.04e-09	3.52e-09	004001		0:04:37.074264		  FDTD		09.363			00.505
 1		0128	0256	0256	2.34e-09	3.04e-09	3.52e-09	004001		0:04:32.228811		  FDTD		09.359			00.501
 1		0128	0256	0256	2.34e-09	3.04e-09	3.52e-09	004001		0:04:32.646940		  FDTD		09.358			00.500
 1		0128	0256	0256	2.34e-09	3.04e-09	3.52e-09	004001		0:04:29.995629		  FDTD		09.359			00.501
 1		0128	0256	0256	2.34e-09	3.04e-09	3.52e-09	150001		1:51:08.294282		  FDTD		09.159			00.264
 1		0128	0256	0256	2.34e-09	3.04e-09	3.52e-09	150001		1:51:08.206404		  FDTD		09.157			00.264
 1		0128	0256	0256	2.34e-09	3.04e-09	3.52e-09	150001		1:51:07.397150		  FDTD		09.155			00.263
 1		0128	0256	0256	2.34e-09	3.04e-09	3.52e-09	150001		1:51:07.983852		  FDTD		09.155			00.264
 1		0128	0256	0256	2.34e-09	3.04e-09	3.52e-09	150001		1:51:07.616718		  FDTD		09.159			00.264
 1		0128	0256	0256	2.34e-09	3.04e-09	3.52e-09	150001		1:51:07.643472		  FDTD		09.157			00.264
 1		0128	0256	0256	2.34e-09	3.04e-09	3.52e-09	150001		1:51:08.098928		  FDTD		09.155			00.264
 1		0128	0256	0256	2.34e-09	3.04e-09	3.52e-09	150001		1:51:07.923635		  FDTD		09.155			00.264
