Node	Nx  	Ny  	Nz  	dx  		dy  		dz  		tsteps  	Time				Method	VM/Node(GB) 	RM/Node(GB) 

 1		0128	0128	0128	4.72e-09	6.14e-09	6.14e-09	003001		0:01:25.073173		  FDTD		07.362			00.438
 1		0128	0128	0128	4.72e-09	6.14e-09	6.14e-09	000001		0:00:02.791200		  FDTD		07.317			00.394
 1		0128	0128	0128	4.72e-09	6.14e-09	6.14e-09	000001		0:00:02.550855		  FDTD		07.317			00.394
 1		0128	0128	0128	4.72e-09	6.14e-09	6.14e-09	000001		0:00:03.028842		  FDTD		07.317			00.394
 1		0128	0128	0128	4.72e-09	6.14e-09	6.14e-09	000001		0:00:02.714751		  FDTD		07.317			00.394
 1		0128	0128	0128	4.72e-09	6.14e-09	6.14e-09	000001		0:00:02.785285		  FDTD		07.317			00.393
 1		0128	0128	0128	4.72e-09	6.14e-09	6.14e-09	000001		0:00:02.763962		  FDTD		07.317			00.394
 1		0128	0128	0128	4.72e-09	6.14e-09	6.14e-09	000001		0:00:02.632233		  FDTD		07.317			00.394
 1		0128	0128	0128	4.72e-09	6.14e-09	6.14e-09	000001		0:00:02.521021		  FDTD		07.317			00.394
 1		0128	0128	0128	4.72e-09	6.14e-09	6.14e-09	000001		0:00:02.561252		  FDTD		07.317			00.394
 1		0128	0128	0128	4.72e-09	6.14e-09	6.14e-09	000001		0:00:02.651730		  FDTD		07.317			00.394
 1		0128	0128	0128	4.72e-09	6.14e-09	6.14e-09	000001		0:00:02.725249		  FDTD		07.317			00.394
 1		0128	0128	0128	4.72e-09	6.14e-09	6.14e-09	000001		0:00:02.847948		  FDTD		07.317			00.394
 1		0128	0128	0128	4.72e-09	6.14e-09	6.14e-09	000001		0:00:02.687318		  FDTD		07.317			00.394
 1		0128	0128	0128	4.72e-09	6.14e-09	6.14e-09	003001		0:01:22.749421		  FDTD		07.384			00.460
 1		0128	0128	0128	4.72e-09	6.14e-09	6.14e-09	003001		0:01:26.307560		  FDTD		07.364			00.441
 1		0128	0128	0128	4.72e-09	6.14e-09	6.14e-09	000001		0:00:02.623883		  FDTD		07.317			00.394
 1		0128	0128	0128	4.72e-09	6.14e-09	6.14e-09	000001		0:00:02.567628		  FDTD		07.317			00.394
 1		0128	0128	0128	4.72e-09	6.14e-09	6.14e-09	000001		0:00:02.637297		  FDTD		07.317			00.394
 1		0128	0128	0128	4.72e-09	6.14e-09	6.14e-09	000001		0:00:02.806247		  FDTD		07.317			00.394
 1		0128	0128	0128	4.72e-09	6.14e-09	6.14e-09	000001		0:00:02.615755		  FDTD		07.317			00.394
 1		0128	0128	0128	4.72e-09	6.14e-09	6.14e-09	000001		0:00:02.609759		  FDTD		07.317			00.394
 1		0128	0128	0128	4.72e-09	6.14e-09	6.14e-09	000001		0:00:02.481730		  FDTD		07.317			00.394
 1		0128	0128	0128	4.72e-09	6.14e-09	6.14e-09	000001		0:00:02.607440		  FDTD		07.317			00.394
 1		0128	0128	0128	4.72e-09	6.14e-09	6.14e-09	000001		0:00:02.634266		  FDTD		07.317			00.394
 1		0128	0128	0128	4.72e-09	6.14e-09	6.14e-09	000001		0:00:02.650920		  FDTD		07.317			00.394
 1		0128	0128	0128	4.72e-09	6.14e-09	6.14e-09	000001		0:00:02.598145		  FDTD		07.317			00.394
 1		0128	0128	0128	4.72e-09	6.14e-09	6.14e-09	003001		0:01:24.715174		  FDTD		07.369			00.445
 1		0128	0128	0128	4.72e-09	6.14e-09	6.14e-09	003001		0:01:24.240794		  FDTD		07.368			00.444
 1		0128	0128	0128	4.72e-09	6.14e-09	6.14e-09	003001		0:01:24.944280		  FDTD		07.356			00.433
 1		0128	0128	0128	4.72e-09	6.14e-09	6.14e-09	003001		0:01:29.248123		  FDTD		07.358			00.435
 1		0128	0128	0128	4.72e-09	1.23e-08	1.23e-08	003001		0:01:25.187613		  FDTD		07.359			00.435
 1		0128	0128	0128	4.72e-09	1.23e-08	1.23e-08	003001		0:01:26.929393		  FDTD		07.368			00.445
 1		0128	0128	0128	4.72e-09	1.23e-08	1.23e-08	003001		0:01:25.842267		  FDTD		07.356			00.433
 1		0128	0128	0128	4.72e-09	1.23e-08	1.23e-08	003001		0:01:25.176272		  FDTD		07.362			00.438
 1		0128	0128	0128	4.72e-09	1.23e-08	1.23e-08	000001		0:00:02.665457		  FDTD		07.317			00.393
 1		0128	0128	0128	4.72e-09	1.23e-08	1.23e-08	000001		0:00:02.641077		  FDTD		07.317			00.394
 1		0128	0128	0128	4.72e-09	1.23e-08	1.23e-08	000001		0:00:02.758446		  FDTD		07.317			00.394
 1		0128	0128	0128	4.72e-09	1.23e-08	1.23e-08	000001		0:00:02.758538		  FDTD		07.317			00.394
 1		0128	0128	0128	4.72e-09	1.23e-08	1.23e-08	003001		0:01:35.445742		  FDTD		07.369			00.445
 1		0128	0128	0128	4.72e-09	1.23e-08	1.23e-08	003001		0:01:26.828128		  FDTD		07.373			00.450
 1		0128	0128	0128	4.72e-09	1.23e-08	1.23e-08	003001		0:01:29.855059		  FDTD		07.367			00.443
 1		0128	0128	0128	4.72e-09	1.23e-08	1.23e-08	003001		0:01:36.338320		  FDTD		07.353			00.429
 1		0128	0128	0128	4.72e-09	1.23e-08	1.23e-08	100001		0:19:27.935198		  FDTD		07.221			00.264
 1		0128	0128	0128	4.72e-09	1.23e-08	1.23e-08	130001		0:25:24.680429		  FDTD		07.221			00.263
 1		0128	0128	0128	4.72e-09	1.23e-08	1.23e-08	130001		0:25:24.697501		  FDTD		07.219			00.263
 1		0128	0128	0128	4.72e-09	1.23e-08	1.23e-08	130001		0:25:25.920154		  FDTD		07.218			00.263
 1		0128	0128	0128	4.72e-09	1.23e-08	1.23e-08	130001		0:25:23.355616		  FDTD		07.218			00.263
 1		0128	0128	0128	4.72e-09	1.23e-08	1.23e-08	130001		0:25:22.959754		  FDTD		07.221			00.264
 1		0128	0128	0128	4.72e-09	1.23e-08	1.23e-08	130001		0:25:27.327112		  FDTD		07.219			00.264
 1		0128	0128	0128	4.72e-09	1.23e-08	1.23e-08	130001		0:25:29.481082		  FDTD		07.218			00.264
 1		0128	0128	0128	4.72e-09	1.23e-08	1.23e-08	130001		0:25:25.053291		  FDTD		07.218			00.264
 1		0128	0128	0128	4.72e-09	1.23e-08	1.23e-08	130001		0:25:29.724098		  FDTD		07.221			00.264
 1		0128	0128	0128	4.72e-09	1.23e-08	1.23e-08	130001		0:25:26.415404		  FDTD		07.219			00.264
 1		0128	0128	0128	4.72e-09	1.23e-08	1.23e-08	130001		0:25:23.265720		  FDTD		07.218			00.264
 1		0128	0128	0128	4.72e-09	1.23e-08	1.23e-08	130001		0:25:25.147164		  FDTD		07.218			00.263
 1		0128	0128	0128	4.72e-09	1.23e-08	1.23e-08	130001		0:25:22.895218		  FDTD		07.221			00.264
 1		0128	0128	0128	4.72e-09	1.23e-08	1.23e-08	130001		0:25:21.761395		  FDTD		07.219			00.264
 1		0128	0128	0128	4.72e-09	1.23e-08	1.23e-08	130001		0:25:20.177677		  FDTD		07.218			00.264
 1		0128	0128	0128	4.72e-09	1.23e-08	1.23e-08	130001		0:25:28.806819		  FDTD		07.218			00.264
 1		0128	0128	0128	4.72e-09	1.23e-08	1.23e-08	130001		0:25:20.736162		  FDTD		07.221			00.264
 1		0128	0128	0128	4.72e-09	1.23e-08	1.23e-08	130001		0:25:23.936027		  FDTD		07.219			00.264
 1		0128	0128	0128	4.72e-09	1.23e-08	1.23e-08	130001		0:25:29.968004		  FDTD		07.218			00.264
 1		0128	0128	0128	4.72e-09	1.23e-08	1.23e-08	130001		0:25:21.173955		  FDTD		07.218			00.264
 1		0128	0128	0128	4.72e-09	1.23e-08	1.23e-08	130001		0:25:19.341572		  FDTD		07.221			00.264
 1		0128	0128	0128	4.72e-09	1.23e-08	1.23e-08	130001		0:25:21.684308		  FDTD		07.219			00.264
 1		0128	0128	0128	4.72e-09	1.23e-08	1.23e-08	130001		0:25:22.027951		  FDTD		07.218			00.264
 1		0128	0128	0128	4.72e-09	1.23e-08	1.23e-08	130001		0:25:23.785265		  FDTD		07.218			00.264
 1		0128	0128	0128	4.72e-09	1.23e-08	1.23e-08	130001		0:25:26.043470		  FDTD		07.221			00.264
 1		0128	0128	0128	4.72e-09	1.23e-08	1.23e-08	130001		0:25:23.721136		  FDTD		07.219			00.264
 1		0128	0128	0128	4.72e-09	1.23e-08	1.23e-08	130001		0:25:22.321025		  FDTD		07.218			00.264
 1		0128	0128	0128	4.72e-09	1.23e-08	1.23e-08	130001		0:25:23.445735		  FDTD		07.218			00.264
 1		0128	0128	0128	4.72e-09	1.23e-08	1.23e-08	130001		0:25:21.076466		  FDTD		07.221			00.264
 1		0128	0128	0128	4.72e-09	1.23e-08	1.23e-08	130001		0:25:21.758745		  FDTD		07.219			00.264
 1		0128	0128	0128	4.72e-09	1.23e-08	1.23e-08	130001		0:25:22.715856		  FDTD		07.218			00.264
 1		0128	0128	0128	4.72e-09	1.23e-08	1.23e-08	130001		0:25:27.150123		  FDTD		07.218			00.264
 1		0128	0128	0128	4.72e-09	1.23e-08	1.23e-08	130001		0:25:20.277027		  FDTD		07.221			00.265
 1		0128	0128	0128	4.72e-09	1.23e-08	1.23e-08	130001		0:25:27.242923		  FDTD		07.219			00.264
 1		0128	0128	0128	4.72e-09	1.23e-08	1.23e-08	130001		0:25:24.557779		  FDTD		07.218			00.264
 1		0128	0128	0128	4.72e-09	1.23e-08	1.23e-08	130001		0:25:29.241984		  FDTD		07.218			00.264
 1		0128	0128	0128	4.72e-09	1.23e-08	1.23e-08	130001		0:25:22.254252		  FDTD		07.221			00.264
 1		0128	0128	0128	4.72e-09	1.23e-08	1.23e-08	130001		0:25:23.546961		  FDTD		07.219			00.264
 1		0128	0128	0128	4.72e-09	1.23e-08	1.23e-08	130001		0:25:20.802801		  FDTD		07.218			00.264
 1		0128	0128	0128	4.72e-09	1.23e-08	1.23e-08	130001		0:25:22.132799		  FDTD		07.218			00.264
 1		0128	0128	0128	4.72e-09	1.23e-08	1.23e-08	130001		0:25:22.175186		  FDTD		07.221			00.264
 1		0128	0128	0128	4.72e-09	1.23e-08	1.23e-08	130001		0:25:22.467148		  FDTD		07.219			00.264
 1		0128	0128	0128	4.72e-09	1.23e-08	1.23e-08	130001		0:25:24.039764		  FDTD		07.218			00.264
 1		0128	0128	0128	4.72e-09	1.23e-08	1.23e-08	130001		0:25:23.057590		  FDTD		07.218			00.264
