Node	Nx  	Ny  	Nz  	dx  		dy  		dz  		tsteps  	Time				VM/Node(GB) 	RM/Node(GB) 

 1		0032	0256	0256	2.24e-09	2.24e-09	2.24e-09	200001		1:00:48.360088		07.610			00.466
 1		0032	0256	0064	2.24e-09	2.24e-09	2.24e-09	010001		0:01:38.199493		06.816			00.330
 1		0032	0256	0064	2.24e-09	2.24e-09	2.24e-09	200001		0:14:34.662170		06.813			00.293
 1		0032	0256	0064	2.24e-09	2.24e-09	2.24e-09	200001		0:14:37.672411		06.813			00.294
 1		0032	0256	0064	2.24e-09	2.24e-09	2.24e-09	200001		0:14:25.403926		06.813			00.293
 1		0032	0256	0064	2.24e-09	2.24e-09	2.24e-09	250001		0:18:14.209730		06.823			00.302
 1		0032	0256	0064	2.24e-09	2.24e-09	2.24e-09	250001		0:18:02.498811		06.823			00.303
 1		0032	0256	0064	2.24e-09	2.24e-09	2.24e-09	250001		0:18:09.156437		06.823			00.303
