Node	Nx  	Ny  	Nz  	dx  		dy  		dz  		tsteps  	Time				VM/Node(GB) 	RM/Node(GB) 

 8		2000	0064	0128	5.00e-07	1.00e-06	1.41e-06	030001		1:19:26.796926		02.027			01.590
 8		2000	0064	0064	5.00e-07	1.00e-06	2.81e-06	030001		0:34:31.245258		01.251			00.849
 8		2000	0064	0256	5.00e-07	1.00e-06	7.03e-07	030001		2:30:10.425494		03.037			02.526
 8		2000	0128	0064	5.00e-07	5.00e-07	2.81e-06	030001		1:20:19.570059		01.958			01.521
 8		1000	0128	0128	1.00e-06	5.00e-07	1.41e-06	030001		1:33:35.490785		01.975			01.538
 8		1000	0128	0064	1.00e-06	5.00e-07	2.81e-06	030001		0:50:06.985524		01.313			00.915
 8		1000	0001	0064	1.00e-06	1.00e-06	7.03e-07	030001		0:01:41.075692		00.554			00.169
 8		1000	0064	0256	1.00e-06	1.00e-06	7.03e-07	030001		1:31:53.495540		02.157			01.721
