Node	Nx  	Ny  	Nz  	dx  		dy  		dz  		tsteps  	Time				VM/Node(GB) 	RM/Node(GB) 

 8		0256	0256	0032	5.00e-07	5.00e-07	1.00e-06	000001		0:00:18.658705		00.836			00.321
 8		0128	0128	0128	1.00e-06	1.00e-06	1.00e-06	000001		0:00:08.767814		00.846			00.306
 8		0128	0128	0128	1.00e-06	1.00e-06	1.00e-06	003001		0:05:55.098066		00.875			00.501
 8		0128	0128	0128	1.00e-06	1.00e-06	1.00e-06	003001		0:06:35.574802		00.905			00.531
 8		0128	0128	0128	1.00e-06	1.00e-06	1.00e-06	003001		0:06:20.437829		00.892			00.518
 8		0128	0128	0128	1.00e-06	1.00e-06	1.00e-06	003001		0:06:23.162476		00.899			00.525
 8		0128	0128	0128	1.00e-06	1.00e-06	1.00e-06	003001		0:06:29.397321		00.904			00.530
 8		0128	0128	0128	1.00e-06	1.00e-06	1.00e-06	003001		0:07:59.967214		00.890			00.516
