Node	Nx  	Ny  	Nz  	dx  		dy  		dz  		tsteps  	Time				VM/Node(GB) 	RM/Node(GB) 

 1		0128	0128	0128	3.00e-08	3.00e-08	3.00e-08	005001		0:22:33.646022		01.477			00.998
 1		0128	0128	0128	3.00e-08	3.00e-08	3.00e-08	002001		0:09:16.872060		01.447			00.968
 1		0128	0128	0128	3.00e-08	3.00e-08	3.00e-08	002001		0:09:04.137708		01.433			00.954
 1		0128	0128	0128	3.00e-08	3.00e-08	3.00e-08	002001		0:09:39.485354		01.455			00.976
 1		0128	0128	0128	3.00e-08	3.00e-08	3.00e-08	002001		0:09:33.082209		01.421			00.942
 2		0128	0128	0128	3.00e-08	3.00e-08	3.00e-08	002001		0:10:24.344941		01.035			00.616
 2		0128	0128	0128	3.00e-08	3.00e-08	3.00e-08	002001		0:10:30.831473		01.033			00.614
 2		0128	0128	0128	3.00e-08	3.00e-08	3.00e-08	002001		0:10:23.261039		01.034			00.614
 4		0128	0128	0128	3.00e-08	3.00e-08	3.00e-08	002001		0:04:09.706747		00.894			00.463
