Node	Nx  	Ny  	Nz  	dx  		dy  		dz  		tsteps  	Time				VM/Node(GB) 	RM/Node(GB) 

 8		0256	0128	0128	3.00e-08	3.00e-08	3.00e-08	002001		0:05:17.912783		00.954			00.523
 8		0256	0128	0128	3.00e-08	3.00e-08	3.00e-08	002001		0:05:12.743898		00.955			00.524
 8		0256	0128	0128	3.00e-08	3.00e-08	3.00e-08	002001		0:05:20.772373		00.956			00.525
 8		0256	0128	0128	3.00e-08	3.00e-08	3.00e-08	002001		0:05:18.388550		00.939			00.508
 8		0256	0128	0128	3.00e-08	3.00e-08	3.00e-08	002001		0:05:24.224097		00.940			00.508
 8		0256	0128	0128	3.00e-08	3.00e-08	3.00e-08	002001		0:05:27.350473		00.957			00.526
 8		0256	0128	0128	3.00e-08	3.00e-08	3.00e-08	002001		0:05:24.684926		00.935			00.511
 8		0256	0256	0256	3.00e-08	1.20e-07	1.20e-07	003001		0:33:24.948217		02.227			01.552
