Node	Nx  	Ny  	Nz  	dx  		dy  		dz  		tsteps  	Time				VM/Node(GB) 	RM/Node(GB) 

 1		0064	0064	0064	2.00e-06	2.00e-06	2.00e-06	003001		0:03:03.002758		00.745			00.301
 1		0128	0064	0064	1.00e-06	2.00e-06	2.00e-06	003001		0:10:05.483361		01.096			00.623
 1		0128	0064	0064	1.00e-06	2.00e-06	2.00e-06	003001		0:05:34.036499		00.889			00.415
 1		0128	0064	0064	1.00e-06	2.00e-06	2.00e-06	003001		0:05:37.006396		00.897			00.417
 1		0128	0064	0064	1.00e-06	2.00e-06	2.00e-06	004001		0:07:09.258074		00.896			00.423
 1		0128	0064	0064	1.00e-06	2.00e-06	2.00e-06	004001		0:07:20.753871		00.962			00.481
 1		0064	0064	0064	2.00e-06	2.00e-06	2.00e-06	004001		0:04:36.980217		00.753			00.313
 1		0064	0064	0064	2.00e-06	2.00e-06	2.00e-06	004001		0:04:45.816846		00.773			00.333
