Node	Nx  	Ny  	Nz  	dx  		dy  		dz  		tsteps  	Time				VM/Node(GB) 	RM/Node(GB) 

 2		0840	0128	0128	3.00e-08	1.20e-07	1.20e-07	001001		0:25:13.704372		01.227			00.882
 3		0840	0128	0128	3.00e-08	1.20e-07	1.20e-07	001001		0:17:52.583730		00.953			00.609
 4		0840	0128	0128	3.00e-08	1.20e-07	1.20e-07	001001		0:14:13.511767		00.840			00.497
 5		0840	0128	0128	3.00e-08	1.20e-07	1.20e-07	001001		0:12:07.743658		00.753			00.409
 6		0840	0128	0128	3.00e-08	1.20e-07	1.20e-07	001001		0:10:44.042153		00.695			00.351
 7		0840	0128	0128	3.00e-08	1.20e-07	1.20e-07	001001		0:09:47.498936		00.654			00.310
 8		0840	0128	0128	3.00e-08	1.20e-07	1.20e-07	001001		0:08:58.922482		00.622			00.279
 8		0840	0256	0256	3.00e-08	6.00e-08	6.00e-08	001001		1:03:57.533327		01.229			00.885
 8		0840	0128	0128	3.00e-08	1.20e-07	1.20e-07	001001		0:09:06.253342		00.623			00.279
