Node	Nx  	Ny  	Nz  	dx  		dy  		dz  		tsteps  	Time				VM/Node(GB) 	RM/Node(GB) 

 6		2520	0256	0256	3.00e-08	6.00e-08	6.00e-08	001001		1:43:34.636054		03.929			03.348
 6		0840	0512	0256	3.00e-08	6.00e-08	6.00e-08	001001		1:18:09.673088		02.838			02.257
 6		1344	0256	0256	3.00e-08	6.00e-08	6.00e-08	001001		1:11:34.261511		02.397			01.816
 6		1008	0256	0256	3.00e-08	6.00e-08	6.00e-08	001001		0:53:47.336174		01.960			01.383
 6		0840	0128	0256	3.00e-08	6.00e-08	6.00e-08	001001		0:14:55.459854		01.193			00.613
 6		0840	0128	0128	3.00e-08	6.00e-08	6.00e-08	001001		0:07:01.879322		00.746			00.352
 7		0840	0256	0256	3.00e-08	1.20e-07	1.20e-07	001001		0:33:48.307254		01.585			01.004
 6		0840	0256	0256	3.00e-08	1.20e-07	1.20e-07	001001		0:36:45.054505		01.741			01.161
