Node	Nx  	Ny  	Nz  	dx  		dy  		dz  		tsteps  	Time				VM/Node(GB) 	RM/Node(GB) 	OMP   

 4		0540	0256	0256	3.00e-05	6.00e-05	6.00e-05	002001		0:40:12.334702		02.256			01.523
 2		0540	0256	0256	3.00e-05	6.00e-05	6.00e-05	002001		1:26:50.152871		04.103			02.975
 2		0540	0128	0128	3.00e-05	1.20e-04	1.20e-04	002001		0:17:04.966256		01.331			00.797
 4		0540	0512	0512	3.00e-05	3.00e-05	3.00e-05	002001		2:36:51.368907		07.802			05.883
 3		0540	0128	0128	3.00e-05	1.20e-04	1.20e-04	002001		0:11:18.855466		01.067			00.620
 4		0540	0128	0128	3.00e-05	1.20e-04	1.20e-04	002001		0:08:39.356759		00.902			00.481
 6		0540	0128	0128	3.00e-05	1.20e-04	1.20e-04	002001		0:06:24.962282		00.737			00.347
 1		0540	0512	0512	3.00e-05	3.00e-05	3.00e-05	002001		10:00:51.627477		29.962			23.277
