Node	Nx  	Ny  	Nz  	dx  		dy  		dz  		tsteps  	Time				VM/Node(GB) 	RM/Node(GB) 

 8		0600	0256	0256	3.60e-08	6.00e-08	6.00e-08	002001		0:27:38.354341		02.152			01.596
 6		0600	0256	0256	3.60e-08	6.00e-08	6.00e-08	002001		0:33:34.882267		02.496			01.867
 8		0600	0256	0256	3.60e-08	6.00e-08	6.00e-08	002001		0:26:17.531035		01.435			00.880
 6		0600	0256	0256	3.60e-08	6.00e-08	6.00e-08	002001		0:32:24.259323		01.777			01.149
 4		0600	0256	0256	3.60e-08	6.00e-08	6.00e-08	002001		0:45:26.047645		02.461			01.685
 3		0600	0256	0256	3.60e-08	6.00e-08	6.00e-08	002001		0:58:51.942540		03.145			02.223
 2		0600	0256	0256	3.60e-08	6.00e-08	6.00e-08	002001		1:36:23.843992		04.513			03.297
 1		0600	0256	0256	3.60e-08	6.00e-08	6.00e-08	002001		2:50:36.330359		08.630			06.520
