Node	Nx  	Ny  	Nz  	dx  		dy  		dz  		tsteps  	Time				VM/Node(GB) 	RM/Node(GB) 

 8		0128	0128	0128	1.00e-06	1.00e-06	1.00e-06	006001		0:10:16.061696		00.757			00.383
 8		0128	0064	0064	1.00e-06	2.00e-06	2.00e-06	015001		0:09:30.050829		00.594			00.168
 8		0128	0064	0064	1.00e-06	2.00e-06	2.00e-06	015001		0:10:04.386720		00.594			00.167
 8		0128	0064	0064	1.00e-06	2.00e-06	2.00e-06	015001		0:09:24.337948		00.594			00.167
 8		0128	0064	0064	1.00e-06	2.00e-06	2.00e-06	015001		0:10:31.037459		00.697			00.262
 4		0064	0064	0064	2.00e-06	2.00e-06	2.00e-06	015001		0:06:42.704993		00.624			00.197
 4		0064	0064	0064	2.00e-06	2.00e-06	2.00e-06	015001		0:06:09.979828		00.627			00.200
 1		0064	0064	0064	2.00e-06	2.00e-06	2.00e-06	015001		0:16:51.947243		00.779			00.328
 1		0064	0064	0064	2.00e-06	2.00e-06	2.00e-06	003001		0:03:12.690343		00.745			00.305
